5	1	59	14,34771	39	мамамама
5	2	59	14,34767	39	47,66449
5	3	59	14,34741	39	47,66344
5	4	59	14,34719	39	47,66251
5	5	59	14,34702	39	47,66149
5	6	59	14,3467	39	47,6603
5	7	59	14,34655	39	47,65967
5	8	59	14,34618	39	47,65839
5	9	59	14,34601	39	47,65785
5	10	59	14,3456	39	47,65683
5	11	59	14,34543	39	47,65623
5	12	59	14,34514	39	47,65503
5	13	59	14,34494	39	47,65438
5	14	59	14,34473	39	47,65364
5	15	59	14,34439	39	47,65208
5	16	59	14,34421	39	47,65129
5	17	59	14,34403	39	47,65044
5	18	59	14,34383	39	47,64955
5	19	59	14,34363	39	47,64856
5	20	59	14,34344	39	47,64753
5	21	59	14,3432	39	47,64661
5	22	59	14,343	39	47,64565
5	23	59	14,34278	39	47,64467
5	24	59	14,34255	39	47,64356
5	25	59	14,34235	39	47,64238
5	26	59	14,34216	39	47,6412
5	27	59	14,34216	39	47,6412
5	28	59	14,34196	39	47,64017
5	29	59	14,34181	39	47,63908
5	30	59	14,34159	39	47,638
5	31	59	14,34142	39	47,63689
5	32	59	14,34125	39	47,63574
5	33	59	14,34125	39	47,63574
5	34	59	14,34106	39	47,63447
5	35	59	14,3409	39	47,63321
5	36	59	14,34082	39	47,63184
5	37	59	14,34082	39	47,63184
5	38	59	14,34073	39	47,63048
5	39	59	14,3406	39	47,62898
5	40	59	14,3406	39	47,62898
5	41	59	14,34039	39	47,62745
5	42	59	14,34024	39	47,62585
5	43	59	14,34024	39	47,62585
5	43	59	14,34002	39	47,62425
5	44	59	14,33986	39	47,62262
5	45	59	14,33986	39	47,62262
5	46	59	14,3397	39	47,62107
5	47	59	14,33957	39	47,61945
5	48	59	14,33957	39	47,61945
5	49	59	14,33946	39	47,61773
5	50	59	14,33946	39	47,61773
5	51	59	14,33934	39	47,61604
5	52	59	14,33922	39	47,61434
5	53	59	14,33922	39	47,61434
5	54	59	14,33913	39	47,61266
5	55	59	14,33902	39	47,61094
5	56	59	14,33902	39	47,61094
5	57	59	14,3389	39	47,60939
5	58	59	14,33882	39	47,60784
5	59	59	14,33882	39	47,60784
5	60	59	14,33873	39	47,60618
5	61	59	14,33873	39	47,60618
5	62	59	14,33862	39	47,60451
5	63	59	14,33846	39	47,60289
5	64	59	14,33846	39	47,60289
5	65	59	14,33836	39	47,60108
5	66	59	14,33825	39	47,59934
5	67	59	14,33825	39	47,59934
5	68	59	14,3382	39	47,59758
5	69	59	14,3382	39	47,59758
5	70	59	14,33819	39	47,5959
5	71	59	14,33814	39	47,59424
5	72	59	14,33814	39	47,59424
5	73	59	14,33803	39	47,59266
5	74	59	14,33803	39	47,59266
5	75	59	14,33786	39	47,59106
5	76	59	14,33771	39	47,58936
5	77	59	14,33771	39	47,58936
5	78	59	14,33761	39	47,58758
5	79	59	14,33761	39	47,58758
5	80	59	14,33756	39	47,5858
5	81	59	14,3375	39	47,58402
5	82	59	14,3375	39	47,58402
5	83	59	14,33741	39	47,58227
5	84	59	14,33741	39	47,58227
5	85	59	14,33736	39	47,58058
5	86	59	14,33742	39	47,579
5	87	59	14,33742	39	47,579
5	88	59	14,33741	39	47,57734
5	89	59	14,33741	39	47,57734
5	90	59	14,33743	39	47,57574
5	91	59	14,33758	39	47,57389
5	92	59	14,33758	39	47,57389
5	93	59	14,33766	39	47,57184
5	94	59	14,33766	39	47,57184
5	95	59	14,33773	39	47,5698
5	96	59	14,33788	39	47,56785
5	97	59	14,33788	39	47,56785
5	98	59	14,33802	39	47,56602
5	99	59	14,33802	39	47,56602
5	100	59	14,33826	39	47,56437
5	101	59	14,33846	39	47,56271
5	102	59	14,33846	39	47,56271
5	103	59	14,33869	39	47,56095
5	104	59	14,33869	39	47,56095
5	105	59	14,33894	39	47,55916
5	106	59	14,3392	39	47,55738
5	107	59	14,3392	39	47,55738
5	108	59	14,33949	39	47,55571
5	109	59	14,33949	39	47,55571
5	110	59	14,33973	39	47,55419
5	111	59	14,33997	39	47,55263
5	112	59	14,33997	39	47,55263
5	113	59	14,34031	39	47,55102
5	114	59	14,34031	39	47,55102
5	115	59	14,34054	39	47,54944
5	116	59	14,34077	39	47,5478
5	117	59	14,34077	39	47,5478
5	118	59	14,3411	39	47,54608
5	119	59	14,3415	39	47,5446
5	120	59	14,3415	39	47,5446
5	121	59	14,34193	39	47,54328
5	122	59	14,34193	39	47,54328
5	123	59	14,34242	39	47,5419
5	124	59	14,34285	39	47,54042
5	125	59	14,34285	39	47,54042
5	126	59	14,34336	39	47,53899
5	127	59	14,34386	39	47,53752
5	128	59	14,34386	39	47,53752
5	128	59	14,34441	39	47,53609
5	129	59	14,34441	39	47,53609
5	130	59	14,34493	39	47,53481
5	131	59	14,34546	39	47,53357
5	132	59	14,34546	39	47,53357
5	133	59	14,34599	39	47,5323
5	134	59	14,34599	39	47,5323
5	135	59	14,34655	39	47,53104
5	136	59	14,34715	39	47,52979
5	137	59	14,34715	39	47,52979
5	138	59	14,34774	39	47,52862
5	139	59	14,34774	39	47,52862
5	140	59	14,34836	39	47,52749
5	141	59	14,34899	39	47,52635
5	142	59	14,34899	39	47,52635
5	143	59	14,34963	39	47,52514
5	144	59	14,34963	39	47,52514
5	145	59	14,3503	39	47,52385
5	146	59	14,3503	39	47,52385
5	147	59	14,35102	39	47,52269
5	148	59	14,35102	39	47,52269
5	149	59	14,35177	39	47,52146
5	150	59	14,35252	39	47,52008
5	151	59	14,35252	39	47,52008
5	152	59	14,35321	39	47,51876
5	153	59	14,35321	39	47,51876
5	154	59	14,35398	39	47,51749
5	155	59	14,35398	39	47,51749
5	156	59	14,35468	39	47,51621
5	157	59	14,35468	39	47,51621
5	158	59	14,35543	39	47,51494
5	159	59	14,35543	39	47,51494
5	160	59	14,35617	39	47,51349
5	161	59	14,35617	39	47,51349
5	162	59	14,35697	39	47,51193
5	163	59	14,35697	39	47,51193
5	164	59	14,35776	39	47,51059
5	165	59	14,35776	39	47,51059
5	166	59	14,35862	39	47,50943
5	167	59	14,35862	39	47,50943
5	168	59	14,3594	39	47,50842
5	169	59	14,3594	39	47,50842
5	170	59	14,36016	39	47,50733
5	171	59	14,36016	39	47,50733
5	172	59	14,36098	39	47,50615
5	173	59	14,36098	39	47,50615
5	174	59	14,36185	39	47,50513
5	175	59	14,36185	39	47,50513
5	176	59	14,36265	39	47,5041
5	177	59	14,36265	39	47,5041
5	178	59	14,3635	39	47,50308
5	179	59	14,3635	39	47,50308
5	180	59	14,36431	39	47,50194
5	181	59	14,36431	39	47,50194
5	182	59	14,36526	39	47,50076
5	183	59	14,36526	39	47,50076
5	184	59	14,36612	39	47,49958
5	185	59	14,36612	39	47,49958
5	186	59	14,36699	39	47,4984
5	187	59	14,36699	39	47,4984
5	188	59	14,36783	39	47,49724
5	189	59	14,36783	39	47,49724
5	190	59	14,36869	39	47,49604
5	191	59	14,36869	39	47,49604
5	192	59	14,36958	39	47,49489
5	193	59	14,36958	39	47,49489
5	194	59	14,37042	39	47,49377
5	195	59	14,37042	39	47,49377
5	196	59	14,37133	39	47,49266
5	197	59	14,37133	39	47,49266
5	198	59	14,37226	39	47,49167
5	199	59	14,37226	39	47,49167
5	200	59	14,37315	39	47,49041
5	201	59	14,37315	39	47,49041
5	202	59	14,37407	39	47,48915
5	203	59	14,37407	39	47,48915
5	204	59	14,37497	39	47,4879
5	205	59	14,37497	39	47,4879
5	206	59	14,37583	39	47,48671
5	207	59	14,37583	39	47,48671
5	208	59	14,3767	39	47,48551
5	209	59	14,3767	39	47,48551
5	210	59	14,37756	39	47,48434
5	211	59	14,37756	39	47,48434
5	212	59	14,37851	39	47,48311
5	213	59	14,37851	39	47,48311
5	214	59	14,37946	39	47,48197
5	214	59	14,37946	39	47,48197
5	215	59	14,38036	39	47,48088
5	216	59	14,38036	39	47,48088
5	217	59	14,38121	39	47,4798
5	218	59	14,38121	39	47,4798
5	219	59	14,3821	39	47,47864
5	220	59	14,3821	39	47,47864
5	221	59	14,38298	39	47,47746
5	222	59	14,38298	39	47,47746
5	223	59	14,38387	39	47,47626
5	224	59	14,38387	39	47,47626
5	225	59	14,3847	39	47,47502
5	226	59	14,3847	39	47,47502
5	227	59	14,38556	39	47,47379
5	228	59	14,38556	39	47,47379
5	229	59	14,38641	39	47,47255
5	230	59	14,38641	39	47,47255
5	231	59	14,38734	39	47,47121
5	232	59	14,38734	39	47,47121
5	233	59	14,38825	39	47,46986
5	234	59	14,38825	39	47,46986
5	235	59	14,38914	39	47,46866
5	236	59	14,38914	39	47,46866
5	237	59	14,38914	39	47,46866
5	238	59	14,39	39	47,46745
5	239	59	14,39	39	47,46745
5	240	59	14,39084	39	47,46634
5	241	59	14,39084	39	47,46634
5	242	59	14,39173	39	47,46512
5	243	59	14,39173	39	47,46512
5	244	59	14,39266	39	47,46391
5	245	59	14,39266	39	47,46391
5	246	59	14,39358	39	47,46277
5	247	59	14,39358	39	47,46277
5	248	59	14,39454	39	47,46178
5	249	59	14,39454	39	47,46178
5	250	59	14,39549	39	47,46069
5	251	59	14,39549	39	47,46069
5	252	59	14,39647	39	47,45947
5	253	59	14,39647	39	47,45947
5	254	59	14,39647	39	47,45947
5	255	59	14,39741	39	47,45818
5	256	59	14,39741	39	47,45818
5	257	59	14,39836	39	47,45692
5	258	59	14,39836	39	47,45692
5	259	59	14,39933	39	47,45566
5	260	59	14,39933	39	47,45566
5	261	59	14,40025	39	47,45439
5	262	59	14,40025	39	47,45439
5	263	59	14,40117	39	47,45312
5	264	59	14,40117	39	47,45312
5	265	59	14,40215	39	47,45177
5	266	59	14,40215	39	47,45177
5	267	59	14,40313	39	47,45044
5	268	59	14,40313	39	47,45044
5	269	59	14,40313	39	47,45044
5	270	59	14,40403	39	47,44917
5	271	59	14,40403	39	47,44917
5	272	59	14,40494	39	47,44788
5	273	59	14,40494	39	47,44788
5	274	59	14,40586	39	47,44656
5	275	59	14,40586	39	47,44656
5	276	59	14,40676	39	47,4453
5	277	59	14,40676	39	47,4453
5	278	59	14,40767	39	47,44406
5	279	59	14,40767	39	47,44406
5	280	59	14,40767	39	47,44406
5	281	59	14,40855	39	47,44284
5	282	59	14,40855	39	47,44284
5	283	59	14,40953	39	47,44154
5	284	59	14,40953	39	47,44154
5	285	59	14,41045	39	47,44017
5	286	59	14,41045	39	47,44017
5	287	59	14,41146	39	47,43869
5	288	59	14,41146	39	47,43869
5	289	59	14,41245	39	47,43727
5	290	59	14,41245	39	47,43727
5	291	59	14,41245	39	47,43727
5	292	59	14,41344	39	47,43587
5	293	59	14,41344	39	47,43587
5	294	59	14,4144	39	47,43444
5	295	59	14,4144	39	47,43444
5	296	59	14,41535	39	47,43305
5	297	59	14,41535	39	47,43305
5	298	59	14,41632	39	47,43177
5	299	59	14,41632	39	47,43177
5	299	59	14,41632	39	47,43177
5	300	59	14,41734	39	47,43041
5	301	59	14,41734	39	47,43041
5	302	59	14,41832	39	47,42922
5	303	59	14,41832	39	47,42922
5	304	59	14,41933	39	47,42792
5	305	59	14,41933	39	47,42792
5	306	59	14,42032	39	47,4266
5	307	59	14,42032	39	47,4266
5	308	59	14,42128	39	47,42512
5	309	59	14,42128	39	47,42512
5	310	59	14,42128	39	47,42512
5	311	59	14,42225	39	47,4237
5	312	59	14,42225	39	47,4237
5	313	59	14,42318	39	47,42232
5	314	59	14,42318	39	47,42232
5	315	59	14,42412	39	47,42094
5	316	59	14,42412	39	47,42094
5	317	59	14,42507	39	47,41966
5	318	59	14,42507	39	47,41966
5	319	59	14,42507	39	47,41966
5	320	59	14,42603	39	47,41832
5	321	59	14,42603	39	47,41832
5	322	59	14,42702	39	47,41693
5	323	59	14,42702	39	47,41693
5	324	59	14,42798	39	47,41569
5	325	59	14,42798	39	47,41569
5	326	59	14,42889	39	47,41438
5	327	59	14,42889	39	47,41438
5	328	59	14,42983	39	47,41291
5	329	59	14,42983	39	47,41291
5	330	59	14,42983	39	47,41291
5	331	59	14,43079	39	47,41147
5	332	59	14,43079	39	47,41147
5	333	59	14,43173	39	47,41013
5	334	59	14,43173	39	47,41013
5	335	59	14,43266	39	47,40881
5	336	59	14,43266	39	47,40881
5	337	59	14,43359	39	47,4075
5	338	59	14,43359	39	47,4075
5	339	59	14,43359	39	47,4075
5	340	59	14,43452	39	47,40619
5	341	59	14,43452	39	47,40619
5	342	59	14,43552	39	47,40479
5	343	59	14,43552	39	47,40479
5	344	59	14,43649	39	47,40326
5	345	59	14,43649	39	47,40326
5	346	59	14,43743	39	47,40172
5	347	59	14,43743	39	47,40172
5	348	59	14,43842	39	47,40022
5	349	59	14,43842	39	47,40022
5	350	59	14,43842	39	47,40022
5	351	59	14,43939	39	47,39874
5	352	59	14,43939	39	47,39874
5	353	59	14,44038	39	47,39735
5	354	59	14,44038	39	47,39735
5	355	59	14,44131	39	47,3959
5	356	59	14,44131	39	47,3959
5	357	59	14,44226	39	47,39434
5	358	59	14,44226	39	47,39434
5	359	59	14,44226	39	47,39434
5	360	59	14,44321	39	47,39282
5	361	59	14,44321	39	47,39282
5	362	59	14,44415	39	47,39138
5	363	59	14,44415	39	47,39138
5	364	59	14,44506	39	47,38998
5	365	59	14,44506	39	47,38998
5	366	59	14,44601	39	47,38854
5	367	59	14,44601	39	47,38854
5	368	59	14,44601	39	47,38854
5	369	59	14,44696	39	47,38703
5	370	59	14,44696	39	47,38703
5	371	59	14,44787	39	47,38561
5	372	59	14,44787	39	47,38561
5	373	59	14,44879	39	47,38408
5	374	59	14,44879	39	47,38408
5	375	59	14,44971	39	47,38266
5	376	59	14,44971	39	47,38266
5	377	59	14,44971	39	47,38266
5	378	59	14,45062	39	47,38131
5	379	59	14,45062	39	47,38131
5	380	59	14,45155	39	47,37988
5	381	59	14,45155	39	47,37988
5	382	59	14,45247	39	47,37857
5	383	59	14,45247	39	47,37857
5	384	59	14,45338	39	47,37726
5	385	59	14,45338	39	47,37726
5	385	59	14,45338	39	47,37726
5	386	59	14,45431	39	47,37578
5	387	59	14,45431	39	47,37578
5	388	59	14,45519	39	47,37431
5	389	59	14,45519	39	47,37431
5	390	59	14,4562	39	47,37284
5	391	59	14,4562	39	47,37284
5	392	59	14,45705	39	47,37144
5	393	59	14,45705	39	47,37144
5	394	59	14,45705	39	47,37144
5	395	59	14,45794	39	47,36999
5	396	59	14,45794	39	47,36999
5	397	59	14,45887	39	47,36842
5	398	59	14,45887	39	47,36842
5	399	59	14,45985	39	47,36697
5	400	59	14,45985	39	47,36697
5	401	59	14,46081	39	47,36542
5	402	59	14,46081	39	47,36542
5	403	59	14,46081	39	47,36542
5	404	59	14,46172	39	47,36394
5	405	59	14,46172	39	47,36394
5	406	59	14,46267	39	47,36244
5	407	59	14,46267	39	47,36244
5	408	59	14,46359	39	47,36108
5	409	59	14,46359	39	47,36108
5	410	59	14,46449	39	47,35975
5	411	59	14,46449	39	47,35975
5	412	59	14,46538	39	47,35839
5	413	59	14,46538	39	47,35839
5	414	59	14,46538	39	47,35839
5	415	59	14,4663	39	47,35687
5	416	59	14,4663	39	47,35687
5	417	59	14,46723	39	47,35546
5	418	59	14,46723	39	47,35546
5	419	59	14,46819	39	47,35383
5	420	59	14,46819	39	47,35383
5	421	59	14,46907	39	47,35234
5	422	59	14,46907	39	47,35234
5	423	59	14,46907	39	47,35234
5	424	59	14,46994	39	47,35077
5	425	59	14,46994	39	47,35077
5	426	59	14,47076	39	47,34925
5	427	59	14,47076	39	47,34925
5	428	59	14,47157	39	47,34773
5	429	59	14,47157	39	47,34773
5	430	59	14,47245	39	47,3461
5	431	59	14,47245	39	47,3461
5	432	59	14,47333	39	47,34464
5	433	59	14,47333	39	47,34464
5	434	59	14,47333	39	47,34464
5	435	59	14,47419	39	47,34312
5	436	59	14,47419	39	47,34312
5	437	59	14,47507	39	47,34159
5	438	59	14,47507	39	47,34159
5	439	59	14,47596	39	47,34014
5	440	59	14,47596	39	47,34014
5	441	59	14,47679	39	47,33866
5	442	59	14,47679	39	47,33866
5	443	59	14,4775	39	47,33697
5	444	59	14,4775	39	47,33697
5	445	59	14,47832	39	47,33544
5	446	59	14,47832	39	47,33544
5	447	59	14,47832	39	47,33544
5	448	59	14,47915	39	47,33391
5	449	59	14,47915	39	47,33391
5	450	59	14,48002	39	47,33243
5	451	59	14,48002	39	47,33243
5	452	59	14,48085	39	47,33099
5	453	59	14,48085	39	47,33099
5	454	59	14,48169	39	47,32961
5	455	59	14,48169	39	47,32961
5	456	59	14,48255	39	47,32818
5	457	59	14,48255	39	47,32818
5	458	59	14,48334	39	47,3267
5	459	59	14,48334	39	47,3267
5	460	59	14,48415	39	47,32514
5	461	59	14,48415	39	47,32514
5	462	59	14,48415	39	47,32514
5	463	59	14,48496	39	47,32352
5	464	59	14,48496	39	47,32352
5	465	59	14,48579	39	47,32188
5	466	59	14,48579	39	47,32188
5	467	59	14,48663	39	47,3203
5	468	59	14,48663	39	47,3203
5	469	59	14,48737	39	47,31871
5	470	59	14,48737	39	47,31871
5	470	59	14,48817	39	47,31709
5	471	59	14,48817	39	47,31709
5	472	59	14,48899	39	47,31553
5	473	59	14,48899	39	47,31553
5	474	59	14,48986	39	47,31404
5	475	59	14,48986	39	47,31404
5	476	59	14,49072	39	47,31247
5	477	59	14,49072	39	47,31247
5	478	59	14,49159	39	47,3109
5	479	59	14,49159	39	47,3109
5	480	59	14,49159	39	47,3109
5	481	59	14,4924	39	47,30931
5	482	59	14,4924	39	47,30931
5	483	59	14,49318	39	47,30779
5	484	59	14,49318	39	47,30779
5	485	59	14,494	39	47,30632
5	486	59	14,494	39	47,30632
5	487	59	14,49479	39	47,30492
5	488	59	14,49479	39	47,30492
5	489	59	14,49557	39	47,30347
5	490	59	14,49557	39	47,30347
5	491	59	14,49648	39	47,30198
5	492	59	14,49648	39	47,30198
5	493	59	14,49729	39	47,3005
5	494	59	14,49729	39	47,3005
5	495	59	14,49812	39	47,29899
5	496	59	14,49812	39	47,29899
5	497	59	14,49889	39	47,29736
5	498	59	14,49889	39	47,29736
5	499	59	14,49967	39	47,29582
5	500	59	14,49967	39	47,29582
5	501	59	14,50047	39	47,29416
5	502	59	14,50047	39	47,29416
5	503	59	14,50115	39	47,29252
5	504	59	14,50115	39	47,29252
5	505	59	14,50191	39	47,29088
5	506	59	14,50191	39	47,29088
5	507	59	14,50274	39	47,28924
5	508	59	14,50274	39	47,28924
5	509	59	14,50355	39	47,2876
5	510	59	14,50355	39	47,2876
5	511	59	14,50355	39	47,2876
5	512	59	14,5043	39	47,28601
5	513	59	14,5043	39	47,28601
5	514	59	14,50503	39	47,28438
5	515	59	14,50503	39	47,28438
5	516	59	14,5058	39	47,28282
5	517	59	14,5058	39	47,28282
5	518	59	14,50647	39	47,28117
5	519	59	14,50647	39	47,28117
5	520	59	14,5072	39	47,27959
5	521	59	14,5072	39	47,27959
5	522	59	14,50797	39	47,27796
5	523	59	14,50797	39	47,27796
5	524	59	14,5088	39	47,27644
5	525	59	14,5088	39	47,27644
5	526	59	14,50951	39	47,27493
5	527	59	14,50951	39	47,27493
5	528	59	14,51025	39	47,27335
5	529	59	14,51025	39	47,27335
5	530	59	14,5111	39	47,27166
5	531	59	14,5111	39	47,27166
5	532	59	14,51188	39	47,27005
5	533	59	14,51188	39	47,27005
5	534	59	14,51188	39	47,27005
5	535	59	14,51265	39	47,26857
5	536	59	14,51265	39	47,26857
5	537	59	14,51345	39	47,26701
5	538	59	14,51345	39	47,26701
5	539	59	14,51422	39	47,26545
5	540	59	14,51422	39	47,26545
5	541	59	14,51503	39	47,26397
5	542	59	14,51503	39	47,26397
5	543	59	14,51584	39	47,26242
5	544	59	14,51584	39	47,26242
5	545	59	14,51661	39	47,26096
5	546	59	14,51661	39	47,26096
5	547	59	14,51734	39	47,25936
5	548	59	14,51734	39	47,25936
5	549	59	14,51806	39	47,25775
5	550	59	14,51806	39	47,25775
5	551	59	14,5188	39	47,25613
5	552	59	14,5188	39	47,25613
5	553	59	14,5188	39	47,25613
5	554	59	14,51956	39	47,25436
5	555	59	14,51956	39	47,25436
5	556	59	14,52031	39	47,25284
5	556	59	14,52031	39	47,25284
5	557	59	14,52105	39	47,25119
5	558	59	14,52105	39	47,25119
5	559	59	14,52185	39	47,24972
5	560	59	14,52185	39	47,24972
5	561	59	14,52259	39	47,2483
5	562	59	14,52259	39	47,2483
5	563	59	14,52335	39	47,24672
5	564	59	14,52335	39	47,24672
5	565	59	14,5241	39	47,24504
5	566	59	14,5241	39	47,24504
5	567	59	14,52483	39	47,24348
5	568	59	14,52483	39	47,24348
5	569	59	14,5256	39	47,24175
5	570	59	14,5256	39	47,24175
5	571	59	14,5256	39	47,24175
5	572	59	14,52633	39	47,23996
5	573	59	14,52633	39	47,23996
5	574	59	14,52708	39	47,23818
5	575	59	14,52708	39	47,23818
5	576	59	14,52781	39	47,23651
5	577	59	14,52781	39	47,23651
5	578	59	14,52857	39	47,23484
5	579	59	14,52857	39	47,23484
5	580	59	14,52931	39	47,23319
5	581	59	14,52931	39	47,23319
5	582	59	14,52997	39	47,23158
5	583	59	14,52997	39	47,23158
5	584	59	14,53075	39	47,22984
5	585	59	14,53075	39	47,22984
5	586	59	14,53151	39	47,228
5	587	59	14,53151	39	47,228
5	588	59	14,53228	39	47,22631
5	589	59	14,53228	39	47,22631
5	590	59	14,53228	39	47,22631
5	591	59	14,53304	39	47,22466
5	592	59	14,53304	39	47,22466
5	593	59	14,5338	39	47,22311
5	594	59	14,5338	39	47,22311
5	595	59	14,53454	39	47,22157
5	596	59	14,53454	39	47,22157
5	597	59	14,53526	39	47,22001
5	598	59	14,53526	39	47,22001
5	599	59	14,53607	39	47,21852
5	600	59	14,53607	39	47,21852
5	601	59	14,53683	39	47,21699
5	602	59	14,53683	39	47,21699
5	603	59	14,53757	39	47,21547
5	604	59	14,53757	39	47,21547
5	605	59	14,53832	39	47,2138
5	606	59	14,53832	39	47,2138
5	607	59	14,53907	39	47,21214
5	608	59	14,53907	39	47,21214
5	609	59	14,53983	39	47,21057
5	610	59	14,53983	39	47,21057
5	611	59	14,53983	39	47,21057
5	612	59	14,54063	39	47,20898
5	613	59	14,54063	39	47,20898
5	614	59	14,54139	39	47,20751
5	615	59	14,54139	39	47,20751
5	616	59	14,54218	39	47,20602
5	617	59	14,54218	39	47,20602
5	618	59	14,54294	39	47,20443
5	619	59	14,54294	39	47,20443
5	620	59	14,54366	39	47,20282
5	621	59	14,54366	39	47,20282
5	622	59	14,54441	39	47,20113
5	623	59	14,54441	39	47,20113
5	624	59	14,54517	39	47,19949
5	625	59	14,54517	39	47,19949
5	626	59	14,54591	39	47,19773
5	627	59	14,54591	39	47,19773
5	628	59	14,54674	39	47,19603
5	629	59	14,54674	39	47,19603
5	630	59	14,54751	39	47,19451
5	631	59	14,54751	39	47,19451
5	632	59	14,54751	39	47,19451
5	633	59	14,54825	39	47,19299
5	634	59	14,54825	39	47,19299
5	635	59	14,54893	39	47,19143
5	636	59	14,54893	39	47,19143
5	637	59	14,54965	39	47,18984
5	638	59	14,54965	39	47,18984
5	639	59	14,55041	39	47,18823
5	640	59	14,55041	39	47,18823
5	641	59	14,55122	39	47,18666
5	641	59	14,55122	39	47,18666
5	642	59	14,55199	39	47,18506
5	643	59	14,55199	39	47,18506
5	644	59	14,55269	39	47,18331
5	645	59	14,55269	39	47,18331
5	646	59	14,55348	39	47,18166
5	647	59	14,55348	39	47,18166
5	648	59	14,55423	39	47,18008
5	649	59	14,55423	39	47,18008
5	650	59	14,55505	39	47,17855
5	651	59	14,55505	39	47,17855
5	652	59	14,55505	39	47,17855
5	653	59	14,55582	39	47,17703
5	654	59	14,55582	39	47,17703
5	655	59	14,55656	39	47,17547
5	656	59	14,55656	39	47,17547
5	657	59	14,5573	39	47,17384
5	658	59	14,5573	39	47,17384
5	659	59	14,55806	39	47,17225
5	660	59	14,55806	39	47,17225
5	661	59	14,55881	39	47,17077
5	662	59	14,55881	39	47,17077
5	663	59	14,55962	39	47,16923
5	664	59	14,55962	39	47,16923
5	665	59	14,56034	39	47,16778
5	666	59	14,56034	39	47,16778
5	667	59	14,56109	39	47,16627
5	668	59	14,56109	39	47,16627
5	669	59	14,56183	39	47,16469
5	670	59	14,56183	39	47,16469
5	671	59	14,56254	39	47,16314
5	672	59	14,56254	39	47,16314
5	673	59	14,56326	39	47,16165
5	674	59	14,56326	39	47,16165
5	675	59	14,56326	39	47,16165
5	676	59	14,56393	39	47,16021
5	677	59	14,56393	39	47,16021
5	678	59	14,56463	39	47,15872
5	679	59	14,56463	39	47,15872
5	680	59	14,56534	39	47,15709
5	681	59	14,56534	39	47,15709
5	682	59	14,56609	39	47,15544
5	683	59	14,56609	39	47,15544
5	684	59	14,5668	39	47,15394
5	685	59	14,5668	39	47,15394
5	686	59	14,56754	39	47,15241
5	687	59	14,56754	39	47,15241
5	688	59	14,56833	39	47,15088
5	689	59	14,56833	39	47,15088
5	690	59	14,56912	39	47,1492
5	691	59	14,56912	39	47,1492
5	692	59	14,56986	39	47,14738
5	693	59	14,56986	39	47,14738
5	694	59	14,57062	39	47,14568
5	695	59	14,57062	39	47,14568
5	696	59	14,57062	39	47,14568
5	697	59	14,57142	39	47,14404
5	698	59	14,57142	39	47,14404
5	699	59	14,57222	39	47,14244
5	700	59	14,57222	39	47,14244
5	701	59	14,57295	39	47,14085
5	702	59	14,57295	39	47,14085
5	703	59	14,57375	39	47,13935
5	704	59	14,57375	39	47,13935
5	705	59	14,57456	39	47,13787
5	706	59	14,57456	39	47,13787
5	707	59	14,57531	39	47,13634
5	708	59	14,57531	39	47,13634
5	709	59	14,57601	39	47,1349
5	710	59	14,57601	39	47,1349
5	711	59	14,5767	39	47,13345
5	712	59	14,5767	39	47,13345
5	713	59	14,57747	39	47,13193
5	714	59	14,57747	39	47,13193
5	715	59	14,57747	39	47,13193
5	716	59	14,57821	39	47,13035
5	717	59	14,57821	39	47,13035
5	718	59	14,57902	39	47,12875
5	719	59	14,57902	39	47,12875
5	720	59	14,57986	39	47,12725
5	721	59	14,57986	39	47,12725
5	722	59	14,58061	39	47,12568
5	723	59	14,58061	39	47,12568
5	724	59	14,58135	39	47,12417
5	725	59	14,58135	39	47,12417
5	726	59	14,5821	39	47,12267
5	727	59	14,5821	39	47,12267
5	727	59	14,58289	39	47,12112
5	728	59	14,58289	39	47,12112
5	729	59	14,58368	39	47,11956
5	730	59	14,58368	39	47,11956
5	731	59	14,5844	39	47,11799
5	732	59	14,5844	39	47,11799
5	733	59	14,58509	39	47,1163
5	734	59	14,58509	39	47,1163
5	735	59	14,58582	39	47,11472
5	736	59	14,58582	39	47,11472
5	737	59	14,58582	39	47,11472
5	738	59	14,58659	39	47,11307
5	739	59	14,58659	39	47,11307
5	740	59	14,58745	39	47,1114
5	741	59	14,58745	39	47,1114
5	742	59	14,5883	39	47,10986
5	743	59	14,5883	39	47,10986
5	744	59	14,58912	39	47,10832
5	745	59	14,58912	39	47,10832
5	746	59	14,58997	39	47,10676
5	747	59	14,58997	39	47,10676
5	748	59	14,59068	39	47,10505
5	749	59	14,59068	39	47,10505
5	750	59	14,59148	39	47,10349
5	751	59	14,59148	39	47,10349
5	752	59	14,59218	39	47,10172
5	753	59	14,59218	39	47,10172
5	754	59	14,59297	39	47,10006
5	755	59	14,59297	39	47,10006
5	756	59	14,59376	39	47,09855
5	757	59	14,59376	39	47,09855
5	758	59	14,59456	39	47,09702
5	759	59	14,59456	39	47,09702
5	760	59	14,59531	39	47,09554
5	761	59	14,59531	39	47,09554
5	762	59	14,59607	39	47,09397
5	763	59	14,59607	39	47,09397
5	764	59	14,59607	39	47,09397
5	765	59	14,59686	39	47,09227
5	766	59	14,59686	39	47,09227
5	767	59	14,59758	39	47,09046
5	768	59	14,59758	39	47,09046
5	769	59	14,59836	39	47,08875
5	770	59	14,59836	39	47,08875
5	771	59	14,59914	39	47,08717
5	772	59	14,59914	39	47,08717
5	773	59	14,59994	39	47,08566
5	774	59	14,59994	39	47,08566
5	775	59	14,60075	39	47,08401
5	776	59	14,60075	39	47,08401
5	777	59	14,60156	39	47,08241
5	778	59	14,60156	39	47,08241
5	779	59	14,60241	39	47,08081
5	780	59	14,60241	39	47,08081
5	781	59	14,60314	39	47,07937
5	782	59	14,60314	39	47,07937
5	783	59	14,60381	39	47,07803
5	784	59	14,60381	39	47,07803
5	785	59	14,60451	39	47,07653
5	786	59	14,60451	39	47,07653
5	787	59	14,60529	39	47,07491
5	788	59	14,60529	39	47,07491
5	789	59	14,60608	39	47,07333
5	790	59	14,60608	39	47,07333
5	791	59	14,60674	39	47,07174
5	792	59	14,60674	39	47,07174
5	793	59	14,60747	39	47,07013
5	794	59	14,60747	39	47,07013
5	795	59	14,6082	39	47,06855
5	796	59	14,6082	39	47,06855
5	797	59	14,6082	39	47,06855
5	798	59	14,60893	39	47,06702
5	799	59	14,60893	39	47,06702
5	800	59	14,60968	39	47,06538
5	801	59	14,60968	39	47,06538
5	802	59	14,61047	39	47,06378
5	803	59	14,61047	39	47,06378
5	804	59	14,61128	39	47,06217
5	805	59	14,61128	39	47,06217
5	806	59	14,61199	39	47,06051
5	807	59	14,61199	39	47,06051
5	808	59	14,6128	39	47,05896
5	809	59	14,6128	39	47,05896
5	810	59	14,61354	39	47,05739
5	811	59	14,61354	39	47,05739
5	812	59	14,61427	39	47,05579
5	812	59	14,61427	39	47,05579
5	813	59	14,61502	39	47,05423
5	814	59	14,61502	39	47,05423
5	815	59	14,61574	39	47,05262
5	816	59	14,61574	39	47,05262
5	817	59	14,61649	39	47,05104
5	818	59	14,61649	39	47,05104
5	819	59	14,61717	39	47,04954
5	820	59	14,61717	39	47,04954
5	821	59	14,61784	39	47,04807
5	822	59	14,61784	39	47,04807
5	823	59	14,61868	39	47,04662
5	824	59	14,61868	39	47,04662
5	825	59	14,61949	39	47,04509
5	826	59	14,61949	39	47,04509
5	827	59	14,62033	39	47,04359
5	828	59	14,62033	39	47,04359
5	829	59	14,62109	39	47,04209
5	830	59	14,62109	39	47,04209
5	831	59	14,62184	39	47,04053
5	832	59	14,62184	39	47,04053
5	833	59	14,62262	39	47,03888
5	834	59	14,62262	39	47,03888
5	835	59	14,62334	39	47,03731
5	836	59	14,62334	39	47,03731
5	837	59	14,62334	39	47,03731
5	838	59	14,624	39	47,03575
5	839	59	14,624	39	47,03575
5	840	59	14,62472	39	47,03415
5	841	59	14,62472	39	47,03415
5	842	59	14,62546	39	47,03255
5	843	59	14,62546	39	47,03255
5	844	59	14,62621	39	47,03103
5	845	59	14,62621	39	47,03103
5	846	59	14,62695	39	47,02937
5	847	59	14,62695	39	47,02937
5	848	59	14,62765	39	47,028
5	849	59	14,62765	39	47,028
5	850	59	14,62836	39	47,02663
5	851	59	14,62836	39	47,02663
5	852	59	14,62915	39	47,02521
5	853	59	14,62915	39	47,02521
5	854	59	14,62985	39	47,02372
5	855	59	14,62985	39	47,02372
5	856	59	14,63056	39	47,02216
5	857	59	14,63056	39	47,02216
5	858	59	14,63127	39	47,02054
5	859	59	14,63127	39	47,02054
5	860	59	14,63204	39	47,01896
5	861	59	14,63204	39	47,01896
5	862	59	14,63286	39	47,01745
5	863	59	14,63286	39	47,01745
5	864	59	14,63362	39	47,01597
5	865	59	14,63362	39	47,01597
5	866	59	14,63436	39	47,01452
5	867	59	14,63436	39	47,01452
5	868	59	14,6351	39	47,01306
5	869	59	14,6351	39	47,01306
5	870	59	14,63584	39	47,01133
5	871	59	14,63584	39	47,01133
5	872	59	14,63654	39	47,00959
5	873	59	14,63654	39	47,00959
5	874	59	14,63734	39	47,00805
5	875	59	14,63734	39	47,00805
5	876	59	14,63818	39	47,00647
5	877	59	14,63818	39	47,00647
5	878	59	14,63894	39	47,00487
5	879	59	14,63894	39	47,00487
5	880	59	14,63971	39	47,00332
5	881	59	14,63971	39	47,00332
5	882	59	14,63971	39	47,00332
5	883	59	14,64049	39	47,00176
5	884	59	14,64049	39	47,00176
5	885	59	14,64127	39	47,00019
5	886	59	14,64127	39	47,00019
5	887	59	14,64202	39	46,99878
5	888	59	14,64202	39	46,99878
5	889	59	14,64278	39	46,99734
5	890	59	14,64278	39	46,99734
5	891	59	14,64355	39	46,99582
5	892	59	14,64355	39	46,99582
5	893	59	14,64428	39	46,9943
5	894	59	14,64428	39	46,9943
5	895	59	14,645	39	46,99274
5	896	59	14,645	39	46,99274
5	897	59	14,64566	39	46,99123
5	898	59	14,64566	39	46,99123
5	898	59	14,64639	39	46,98967
5	899	59	14,64639	39	46,98967
5	900	59	14,64712	39	46,98827
5	901	59	14,64712	39	46,98827
5	902	59	14,64776	39	46,98688
5	903	59	14,64776	39	46,98688
5	904	59	14,64843	39	46,98553
5	905	59	14,64843	39	46,98553
5	906	59	14,64911	39	46,98412
5	907	59	14,64911	39	46,98412
5	908	59	14,64978	39	46,98263
5	909	59	14,64978	39	46,98263
5	910	59	14,65042	39	46,98087
5	911	59	14,65042	39	46,98087
5	912	59	14,65113	39	46,97932
5	913	59	14,65113	39	46,97932
5	914	59	14,65186	39	46,9779
5	915	59	14,65186	39	46,9779
5	916	59	14,65259	39	46,97653
5	917	59	14,65259	39	46,97653
5	918	59	14,65333	39	46,97524
5	919	59	14,65333	39	46,97524
5	920	59	14,65402	39	46,9739
5	921	59	14,65402	39	46,9739
5	922	59	14,65472	39	46,97238
5	923	59	14,65472	39	46,97238
5	924	59	14,65535	39	46,9708
5	925	59	14,65604	39	46,96938
5	926	59	14,65604	39	46,96938
5	927	59	14,65673	39	46,96796
5	928	59	14,65673	39	46,96796
5	929	59	14,65753	39	46,96651
5	930	59	14,65753	39	46,96651
5	931	59	14,65835	39	46,96508
5	932	59	14,65835	39	46,96508
5	933	59	14,65904	39	46,96373
5	934	59	14,65904	39	46,96373
5	935	59	14,65975	39	46,96214
5	936	59	14,65975	39	46,96214
5	937	59	14,66042	39	46,96066
5	938	59	14,66042	39	46,96066
5	939	59	14,66108	39	46,95917
