
15	0	8120.38	8.85	1.62	2.89	1169.76	235.31	6941.20	8.45	1.57	1.31	834.27	793.38	
15	2	12290.48	16.66	1.39	3.71	775.56	545.85	11783.91	11.93	2.52	1.47	1031.73	876.53	
15	4	2388.95	4.64	0.49	1.77	666.54	468.18	8615.55	10.46	1.67	1.95	859.60	939.79	
15	6	19064.62	23.62	4.55	4.43	6.33	1986.83	9256.46	10.41	1.38	2.03	881.15	988.23	
15	8	14273.54	16.84	3.61	3.53	8.07	1885.26	4784.98	5.95	0.89	1.27	498.85	1425.30	
15	10	3272.28	3.48	1.23	0.80	755.21	1140.04	4151.26	4.46	0.87	1.30	590.09	1304.96	
15	13	4733.15	5.96	2.33	1.02	1016.49	892.80	4362.91	4.29	0.90	1.24	900.03	1000.59	
15	15	4774.62	6.45	1.48	1.31	6.91	1953.83	4186.36	4.81	0.73	0.92	592.76	1377.11	
15	17	5733.25	6.25	1.22	1.76	116.85	1867.70	4515.40	5.11	1.03	1.36	507.75	1440.27	
15	19	4637.64	5.04	1.33	1.68	1509.11	421.06	4512.81	5.79	1.24	1.00	1743.97	220.26	
15	21	5708.14	6.58	1.59	1.76	1330.95	620.93	4412.46	6.33	1.13	1.05	1866.78	127.95	
15	23	6229.52	6.46	1.80	1.67	1465.80	476.52	5765.90	7.92	0.88	1.53	1873.64	111.15	
15	25	9095.94	8.18	2.60	1.86	1106.53	864.13	1140.35	2.83	1.10	0.71	440.62	374.19	
15	27	6103.25	6.08	1.03	1.15	1167.14	627.07	1632.11	3.43	0.72	1.21	679.70	231.19	
15	29	12405.41	9.99	3.87	1.33	1142.97	743.14	2051.22	3.21	0.96	1.07	1153.52	183.77	
15	31	13233.68	10.45	3.12	1.64	839.86	1132.41	1537.21	3.30	0.97	1.17	569.60	378.61	
15	34	9030.00	8.35	1.96	1.10	822.87	1116.14	1984.66	3.84	1.01	1.16	601.74	688.12	
15	35	6679.13	7.38	1.38	0.93	1034.58	812.64	1604.87	3.60	0.79	0.87	368.50	618.57	
15	37	7891.90	7.97	1.93	1.37	841.03	1091.38	1608.15	2.87	0.72	0.56	856.85	393.35	
15	40	5602.41	6.87	1.24	0.90	890.47	724.25	2683.14	3.83	0.85	1.03	1018.75	365.61	
15	42	9596.75	8.77	1.86	1.10	640.20	1306.27	2685.91	4.05	1.33	1.57	482.14	798.97	
15	43	7447.44	7.97	1.88	1.28	801.73	874.12	2377.23	4.04	1.12	1.32	439.32	658.82	
15	46	7297.20	7.55	1.13	1.16	889.91	1090.74	1789.53	4.02	1.20	0.77	356.74	496.29	
15	47	8080.12	8.12	2.02	1.07	897.54	1070.99	2453.68	4.32	1.02	1.00	604.21	535.74	
15	50	7560.36	7.03	1.64	1.09	805.81	1138.66	2497.93	5.30	1.62	1.41	448.53	430.88	
15	52	7884.48	7.61	1.43	0.82	804.45	1114.76	3462.15	4.74	0.98	0.75	655.27	670.45	
15	53	7537.85	6.92	1.55	0.63	663.41	1293.76	2906.70	3.83	0.97	0.67	717.62	471.06	
15	56	6713.84	6.50	1.00	0.65	940.11	1021.04	2984.17	4.37	1.08	0.73	710.17	572.88	
15	58	7755.26	7.30	1.32	1.05	722.20	1124.46	2727.90	3.94	1.48	1.28	661.04	648.78	
15	60	6729.64	7.51	1.38	1.09	856.12	1083.21	2705.07	4.00	1.17	1.39	671.84	601.59	
15	62	6298.80	6.25	1.22	0.87	845.49	1113.72	1673.18	2.99	0.59	0.60	668.80	609.49	
15	64	8703.94	8.24	1.31	0.91	920.66	1017.22	2164.76	3.72	1.15	0.82	816.76	491.01	
15	66	8633.70	8.28	1.52	1.21	956.89	828.38	2889.39	4.40	1.00	0.81	643.60	810.38	
15	68	8402.42	7.62	1.09	0.94	650.48	1249.50	1869.86	3.39	1.11	0.78	906.64	387.00	
15	70	7508.82	6.91	1.00	1.03	766.76	1075.35	2200.52	3.14	1.05	0.48	965.07	384.31	
15	72	7137.20	7.77	1.26	1.02	793.25	1043.46	2646.79	4.60	0.86	1.08	753.76	411.00	
15	74	5667.48	4.99	0.96	0.98	772.65	1136.74	1720.68	2.92	0.84	0.74	530.26	530.26	
15	77	6675.77	6.61	1.02	0.90	994.07	929.82	1430.87	3.26	0.98	0.72	287.55	629.44	
15	79	6111.52	5.77	1.44	0.64	921.93	927.35	1242.55	3.10	0.62	0.64	290.51	560.56	
15	80	4872.54	4.63	0.96	0.72	1191.86	583.44	1688.81	3.64	1.04	0.88	550.32	526.78	
15	83	4934.30	5.19	1.13	1.04	685.88	1251.46	1530.11	2.72	0.69	0.88	366.17	567.05	
15	85	4163.32	4.53	1.14	0.94	767.61	1059.41	1386.65	2.85	0.96	0.44	603.07	438.25	
15	86	4634.91	4.11	1.17	1.05	1094.96	825.18	7816.87	11.14	0.94	0.81	1737.27	107.09	
15	89	5538.75	5.23	1.15	2.01	5.17	1877.12	945.42	2.44	1.22	0.21	289.04	485.51	
15	91	2984.55	5.68	0.97	1.87	26.95	1805.53	1113.57	2.26	0.53	0.54	622.74	239.39	
15	92	2786.59	5.75	0.52	1.16	44.23	1671.51	1355.55	2.58	0.72	0.69	666.68	377.15	
15	95	3543.96	5.44	1.15	1.12	189.22	1527.91	2401.55	3.76	1.06	0.84	1396.65	142.95	
15	97	4147.04	5.26	0.99	1.84	96.38	1895.63	2668.71	3.13	1.15	0.70	1813.90	131.89	
15	99	804.02	2.46	0.45	0.68	427.55	222.67	2454.76	2.99	0.94	1.04	746.78	930.70	
15	101	2023.37	4.54	1.31	1.67	555.05	453.54	1966.10	2.17	0.47	0.68	64.78	1870.50	
15	103	1603.65	4.92	0.89	1.10	457.99	273.87	3887.14	4.78	1.15	0.95	994.24	913.87	
15	105	1636.05	3.10	0.74	1.42	607.32	615.29	3401.56	3.14	0.85	0.73	899.35	1081.23	
15	107	2079.09	3.52	0.68	0.90	836.65	362.28	2928.84	4.79	0.97	1.32	1303.54	187.47	
15	109	3752.13	4.26	0.77	0.77	656.83	1173.30	2061.41	2.37	0.44	0.77	1051.74	861.98	
15	111	1755.74	2.83	0.86	0.67	826.75	348.35	3098.90	3.60	0.74	1.00	1172.79	802.83	
15	113	2391.31	3.54	0.98	1.07	951.47	406.93	2374.76	3.38	0.79	0.65	663.12	874.79	
15	115	928.53	2.41	0.71	0.93	544.91	381.78	2746.76	3.08	1.02	0.76	1433.45	90.18	
15	118	789.76	1.94	0.26	0.84	542.42	294.61	2908.02	3.92	1.05	1.27	697.92	905.02	
15	119	4364.88	5.76	1.12	1.28	4.64	1751.05	2795.95	4.62	1.01	0.98	633.41	873.50	
15	121	5522.72	6.96	1.21	0.86	99.52	1840.78	3642.10	4.12	1.07	1.16	1018.02	818.93	
15	123	2790.41	3.25	0.96	0.69	644.47	1210.60	2836.52	3.06	1.01	0.76	1636.82	206.58	
15	125	3121.56	3.21	1.39	0.85	707.94	1174.77	4615.17	5.80	1.40	0.90	761.22	1160.29	
15	128	4207.54	3.95	0.92	0.93	859.44	1121.35	4424.77	5.14	0.67	1.79	993.13	912.00	
15	129	1288.91	2.86	0.63	0.40	619.44	429.03	5297.45	5.57	0.88	0.95	530.40	1403.90	
15	131	4404.33	3.60	1.45	0.67	648.27	1317.72	3060.25	3.49	0.80	1.27	800.26	1150.75	
15	133	3633.70	4.71	1.22	0.40	8.03	1879.66	3446.79	4.42	1.22	1.04	651.47	1256.73	
15	136	4914.45	6.10	1.06	0.68	2.88	1905.59	3947.36	3.67	0.70	0.78	790.29	1201.06	
15	137	1016.95	2.61	0.68	0.70	428.14	360.44	3720.73	3.81	0.71	1.03	712.34	1213.24	
15	140	1759.00	2.77	0.65	0.67	519.02	573.14	3580.15	4.28	0.83	0.71	781.58	1202.38	
15	142	2856.56	4.48	1.10	0.72	398.19	789.75	3985.57	6.41	1.72	0.72	1870.76	93.67	
15	144	5520.08	6.07	1.49	1.18	730.60	1254.85	1993.62	4.24	1.17	0.90	1106.62	115.20	
15	146	4405.99	5.75	1.53	1.02	369.48	1501.47	2641.63	3.84	1.15	0.97	679.89	1180.93	
15	148	10899.83	9.48	1.75	1.07	766.18	1195.20	4635.32	4.83	0.51	1.07	499.32	1495.02	
15	150	9044.23	7.72	1.60	0.58	1067.94	924.87	4800.58	6.06	0.58	1.23	702.41	1291.25	
15	152	6688.10	6.08	1.54	0.38	916.33	926.68	4205.60	5.18	0.93	1.39	749.04	1216.12	
15	154	4216.44	4.24	1.21	0.53	1336.91	645.81	8082.74	8.36	1.17	1.57	842.20	1132.03	
15	156	3021.59	3.90	1.21	0.84	1319.13	670.69	9728.68	9.21	0.96	1.56	933.85	1054.32	
15	158	3484.82	3.84	1.55	0.44	1618.15	348.10	10210.27	9.92	1.25	1.45	774.57	1184.01	
15	160	4392.04	6.24	0.97	0.67	1.75	1903.57	8580.77	8.11	0.67	1.24	946.30	1041.81	
15	162	3282.57	5.26	0.76	0.59	36.34	1769.28	7600.72	7.44	0.71	1.30	711.78	1214.29	
15	164	1768.22	5.14	1.46	1.89	19.01	923.53	6252.23	6.32	0.68	1.50	967.34	937.08	
15	166	4654.30	6.23	1.74	2.23	92.93	1578.92	3933.44	4.31	0.74	0.98	746.08	1115.13	
15	168	2366.32	4.17	1.09	1.72	149.63	1008.64	2455.56	2.46	0.45	0.77	1876.50	118.04	
15	170	2607.32	3.26	0.71	0.76	1478.15	355.11	3908.45	5.35	0.74	1.10	1724.16	112.81	
15	172	5434.23	5.21	1.09	0.82	1308.11	560.91	4543.04	6.63	1.33	1.11	1754.73	120.79	
15	174	5185.46	5.24	1.91	1.18	1121.97	754.33	4628.34	9.64	1.41	0.74	1765.06	93.29	
15	176	3471.66	4.28	0.85	1.33	774.90	851.82	808.91	3.42	2.07	0.58	408.09	141.95	
15	178	2919.80	4.44	0.57	1.76	631.79	617.35	1686.90	3.84	1.57	0.15	1098.59	92.17	
15	180	2213.09	3.57	0.77	1.06	717.94	910.11	6358.02	11.33	1.10	0.41	1358.80	92.69	
15	182	6274.68	6.36	2.75	1.01	320.03	1674.41	3578.38	6.93	1.22	0.50	1442.46	145.16	
15	184	4778.85	8.00	3.42	1.69	274.62	1116.74	3017.35	3.23	1.08	0.92	824.63	1026.97	
15	186	661.92	2.11	0.52	0.73	494.72	334.48	2269.98	2.86	0.86	0.67	724.38	1009.47	
15	188	2040.99	3.17	0.84	0.80	1300.07	237.63	2547.46	3.12	0.83	1.01	602.76	1114.47	
15	190	3437.47	3.83	1.14	1.38	1554.54	260.38	2520.25	3.44	0.85	0.84	763.38	847.63	
15	192	3235.64	3.83	0.81	0.72	48.39	1857.70	4845.33	4.81	0.69	0.90	936.21	1051.18	
15	194	9273.38	11.48	2.22	2.23	64.50	1896.90	7106.38	7.10	0.82	1.16	1096.72	898.16	
15	196	2267.46	3.66	0.83	1.58	604.35	354.28	5142.02	5.05	0.79	0.89	878.78	986.99	
15	198	1462.89	3.39	1.02	0.58	461.72	461.10	3781.52	4.12	0.55	1.15	1313.40	557.05	
15	200	2267.58	3.08	0.60	0.84	575.16	1090.90	2256.99	3.88	1.23	0.98	495.14	888.87	
15	202	1862.29	3.40	0.74	0.95	942.13	361.24	3345.99	5.70	1.12	1.83	854.01	734.10	
15	204	5468.81	9.75	1.58	1.82	71.85	1560.01	4986.75	6.55	1.26	1.29	905.62	691.60	
15	207	3143.50	5.89	1.04	2.00	1467.14	210.77	5584.98	6.30	1.41	1.36	590.40	900.33	
15	208	4168.09	4.61	0.90	2.03	1452.59	350.91	4972.14	6.71	2.22	0.85	673.18	702.05	
15	210	1388.33	3.44	0.81	0.89	284.75	615.08	4855.72	4.67	0.79	1.01	734.95	1057.30	
15	212	1257.00	2.30	0.73	0.71	303.82	794.89	3447.23	5.16	1.36	1.04	1569.23	216.45	
15	214	2799.69	3.86	0.59	0.73	815.93	742.24	2734.30	3.67	0.89	0.67	608.80	1075.30	
15	216	2757.03	3.36	0.61	0.77	974.66	600.89	1491.63	2.64	0.64	0.56	660.63	663.28	
15	218	3274.18	4.09	0.55	0.66	778.34	758.05	1746.78	4.07	1.65	0.21	274.01	475.91	
16	2	3274.18	4.09	0.55	0.66	778.34	758.05	1746.78	4.07	1.65	0.21	274.01	475.91	
16	4	3274.18	4.09	0.55	0.66	778.34	758.05	1746.78	4.07	1.65	0.21	274.01	475.91	
16	6	3274.18	4.09	0.55	0.66	778.34	758.05	1746.78	4.07	1.65	0.21	274.01	475.91	
16	8	3274.18	4.09	0.55	0.66	778.34	758.05	1746.78	4.07	1.65	0.21	274.01	475.91	
16	10	3274.18	4.09	0.55	0.66	778.34	758.05	1746.78	4.07	1.65	0.21	274.01	475.91	
16	12	3274.18	4.09	0.55	0.66	778.34	758.05	1746.78	4.07	1.65	0.21	274.01	475.91	
16	14	3274.18	4.09	0.55	0.66	778.34	758.05	1746.78	4.07	1.65	0.21	274.01	475.91	
16	16	3274.18	4.09	0.55	0.66	778.34	758.05	1746.78	4.07	1.65	0.21	274.01	475.91	
