956	31	10
956	62	12
956	92	9
955	20	8
955	51	-6
955	82	-29
955	113	-42
955	145	-46
955	177	-47
955	207	-47
955	238	-45
955	268	-46
955	299	-44
955	330	-43
955	361	-43
955	392	-33
955	424	-24
955	454	-14
955	484	12
955	514	16
955	545	15
955	576	19
955	607	15
955	637	13
955	669	17
955	700	13
955	731	18
955	762	12
955	792	15
955	822	16
955	854	17
955	886	18
955	918	17
955	949	28
954	1	36
954	31	38
954	62	37
954	92	35
954	123	24
954	154	17
954	186	16
954	217	14
954	249	16
954	281	13
954	312	15
954	344	12
954	375	15
954	406	15
954	437	19
954	468	14
954	499	16
954	530	18
954	561	17
954	591	19
954	623	25
954	653	31
954	683	38
954	714	35
954	744	34
954	775	33
954	806	29
954	837	18
954	868	14
954	899	12
954	929	18
954	960	17
953	1	15
953	32	16
953	64	16
953	95	18
953	126	16
953	156	17
953	188	16
953	219	15
953	250	17
953	280	17
953	312	17
953	343	27
953	375	38
953	406	36
953	438	35
953	469	33
953	501	36
953	532	32
953	564	34
953	594	35
953	624	25
953	655	15
953	686	9
953	718	12
953	750	14
953	782	11
953	812	11
953	843	5
953	873	10
953	905	15
953	936	6
953	966	10
953	997	2
953	1028	-17
953	1059	-33
953	1090	-36
953	1120	-38
953	1151	-42
953	1182	-41
953	1213	-41
953	1244	-39
953	1275	-36
953	1306	-27
953	1338	-10
953	1368	11
953	1398	11
953	1429	14
953	1461	12
953	1493	11
953	1525	14
953	1557	14
953	1589	13
953	1621	15
953	1653	11
953	1684	15
953	1715	12
953	1746	10
953	1776	12
953	1806	13
953	1836	14
953	1867	12
953	1898	16
953	1928	10
953	1959	14
953	1990	14
953	2022	12
953	2053	13
953	2085	12
953	2116	12
953	2148	16
953	2178	13
953	2208	17
953	2239	11
953	2269	1
953	2299	-25
953	2329	-35
953	2359	-48
953	2390	-48
953	2420	-49
953	2451	-47
953	2481	-48
953	2512	-50
953	2543	-46
953	2575	-38
953	2607	-14
953	2639	8
953	2670	14
953	2701	13
953	2733	17
953	2764	15
953	2795	14
953	2825	16
953	2856	26
953	2886	30
953	2917	38
953	2948	30
953	2979	36
950	10	32
950	41	37
950	73	32
950	105	32
950	135	37
950	166	34
950	197	33
950	227	32
950	258	35
950	288	31
950	319	38
950	349	23
950	380	16
950	410	14
950	440	13
950	470	13
950	503	15
950	535	14
950	567	13
950	599	18
950	629	14
950	659	12
950	689	13
950	719	14
950	750	14
950	780	9
950	810	14
950	840	5
950	871	9
950	901	10
950	932	10
950	962	13
950	992	14
949	31	15
949	63	17
949	93	15
949	123	16
949	153	15
949	184	18
949	215	12
949	246	16
949	278	15
949	309	15
949	341	15
949	371	15
949	402	12
949	433	15
949	465	10
949	496	17
949	528	14
949	558	10
949	588	13
949	618	17
949	651	17
949	683	17
949	714	14
949	745	15
949	776	13
949	807	14
949	837	15
949	868	14
949	899	15
949	929	15
949	959	17
949	989	16
948	22	12
948	52	17
948	82	18
948	113	17
948	143	13
948	174	15
948	205	16
948	235	14
948	266	10
948	296	-10
948	327	-27
948	357	-42
948	387	-46
948	418	-43
948	450	-46
948	482	-44
948	513	-42
948	544	-39
948	575	-48
948	606	-46
948	637	-50
948	668	-45
948	700	-50
948	732	-46
948	762	-46
948	792	-36
948	825	-33
948	857	-15
948	888	9
948	920	13
948	952	13
948	984	16
947	19	14
947	50	13
947	80	15
947	110	15
947	143	17
947	175	16
947	207	13
947	239	14
947	271	17
947	303	15
947	335	16
947	367	15
947	399	16
947	431	17
947	463	13
947	493	13
947	524	17
947	556	11
947	587	13
947	619	15
947	650	16
947	682	13
947	714	12
947	745	-6
947	777	-24
947	808	-36
947	839	-43
947	869	-47
947	901	-40
947	931	-26
947	961	-18
947	991	7
946	20	12
946	50	11
946	82	13
946	113	12
946	145	12
946	177	14
946	209	12
946	239	12
946	269	10
946	301	11
946	333	11
946	365	14
946	396	12
946	426	13
946	457	13
946	487	13
946	518	13
946	548	11
946	579	12
946	609	12
946	640	16
946	672	12
946	703	10
946	735	13
946	766	13
946	798	12
946	829	15
946	860	15
946	891	13
946	922	15
945	30	21
945	62	16
945	92	14
945	122	10
945	154	8
945	185	-17
945	216	-31
945	248	-40
945	279	-53
945	310	-39
945	340	-30
945	372	-9
945	403	11
945	435	13
945	467	13
945	497	11
945	528	9
945	559	10
945	589	7
945	620	6
945	651	9
945	681	12
945	712	10
945	742	12
945	774	20
945	806	29
945	838	26
945	868	30
945	899	33
945	929	32
945	961	36
945	992	32
945	1023	35
945	1054	30
945	1085	25
944	18	18
944	51	15
944	82	16
944	114	13
944	145	16
944	176	13
944	207	14
944	239	17
944	271	14
944	301	15
944	332	16
944	364	15
944	395	17
944	426	15
944	457	16
944	488	15
944	520	2
944	551	-20
944	583	-30
944	614	-34
944	646	-36
944	678	-40
944	709	-41
944	740	-35
944	771	-38
944	801	-17
944	832	4
944	864	14
944	895	13
944	927	14
944	958	15
944	990	13
943	28	16
943	60	14
943	91	15
943	123	18
943	154	9
943	184	10
943	216	12
943	247	9
943	278	11
943	310	13
943	342	12
943	372	13
943	403	11
943	433	16
943	464	11
943	495	13
943	526	15
943	558	8
943	590	14
943	621	-6
943	652	-27
943	683	-45
943	713	-51
943	743	-48
943	774	-50
943	805	-52
943	836	-51
943	866	-52
943	896	-48
943	928	-48
943	959	-49
943	990	-43
942	4	-48
942	35	-39
942	66	-33
942	98	-19
942	128	7
942	159	11
942	190	15
942	221	7
942	251	14
942	282	12
942	312	11
942	343	14
942	373	12
942	404	11
942	435	13
942	465	19
942	496	12
942	527	14
942	558	11
942	590	14
942	622	11
942	652	12
942	683	12
942	713	13
942	744	12
942	775	16
942	807	10
942	837	17
942	868	14
942	900	15
942	931	12
942	962	14
941	3	12
941	35	13
941	66	16
941	97	15
941	127	14
941	159	11
941	191	13
941	221	14
941	252	11
941	282	13
941	313	11
941	344	8
941	374	10
941	405	14
941	436	9
941	467	8
941	499	11
941	530	10
941	561	13
941	592	13
941	623	9
941	653	17
941	683	30
941	714	30
941	745	33
941	776	32
941	807	28
941	838	21
941	870	14
941	901	10
941	932	13
941	963	11
941	994	5
